111 ΔΡΡΕΝΜΧ 011 THE 111111

1110111111101 1110 001011 100111010111, 11. Ρ. 1110111111 1110101
1111 ,1. 1. 10111100010010101 bt 111, sumptu 1110 011001 1001
101001111ιο1 1001111001 by 110 v 0 1110 000]οο10111 11101101 uua

’ 1111111 1011 111 1110011110οη, 1111011 1111111 0111011.

¹⁰11³?th 001110] 10 1101111111 1110001100 1010 111

11111111. 0011111] 10 8010111011 110 1110 1111100 ,

'mirmah 110 Hm 1111111001,01.11-11.191 11101111
1111 1111001, 11111011 1111 011111 001100111110 110001.

111, 1. 11. 0111110111 1101111 1100111111] 1110 0010111011
rading 110101110111. 1 11111 11001011 110 reading 1100001101 by
111 1111111110 00010101 01. 10 Pin. 161 uenatus 0111 11 afflo-
101111 0001111101110 10110101100110111010110101110111111
01011101 ordinis 00 1101011111 1111. 11 0101110111 1111001, 0011100
1100111111 00111 10010 10 110 1101000 000010 11 largo.

111, 1. 11. [10] 11110] 111 1110ι 11101 Seyffert 1011 stetu.

111111, 1. 16. 100111] 10 Lambinus followed by 11111110
m 111101 0011101, 110 10011100 01 1². 8011111 conjectured oon·
10101111, 11. 1. 11110100 1001111010, Jeep 110010οα1111.

1. 11. 11000110 1111111011 11 11110101 by 1111110 1100 111
0111 0110001110 11101101 Probus 01. 10111011 0. 1161 1011
1111). 1110111111 1111011111 110 11100 011010 111 1110 1000101110
videretur 11 aglon explanatory 01 10010, 11011οο11 0011110111·

010111 1011011 00111 1011111 100111, 1111110 1111110111110 11101011 ·

‚ 1111 111010 0111101 101110-0111111111 01 10011001.

1. 101 011. 11. [000 11 00111101 11 11 001 1010111100
1111 1110111001 11111011 10 1111 populo 11010000 1011. 110111 111
1110 1011 00011111 1101000111 1010 written by commetiens, 1011

110011010011111100.1.1011·.0. 1101011011110001011001 .

1111110111. 010]

1 11. dm 00101001] 1110111 ¹⁰, 1<- 01111· 1100110111
0011ὶοῦ Ι111ΰ1 110 11101101 mom 1111110 1010101 10111, 111 0.

l. 11. 11100 1001011-111111] 10 1101111011000111101111
1111 mutonis 011101 10101,11111011,111 11111 00101, 11 00110011]
10001111 10 010 010101010οι 01 1111 11101 1111 genitivo
000011, vehere 111 1100111011 110 1111101 00. ,101111 semonia
1101111110 0101101110 jacere. 100000 111 111 1011 sermm
’111111011011 110 010010111111.

Ι n, 1. 11. 01111101] 10001101 10010111, 01. ep. 11111. 111
mmmmm

·

AI’I'ENDIX ΟΝ m Tm 111

1111111. 1· 11. 11101011] 1111011111 [0001110001. 110.

ml. 11. 101] 00 Pluygers, 0. 110100, Reid 101 111 1010110

111 11011110 1101 00011010] 10 110111111001000101
1010 01 1011101100 101 111 10111ος 01 1² 1011 nm 0. 1 101001 m

0. 111 1111111000111, 1001011 nup. Mihly, 11011. r. 0. 1111111111.
. 111. 1110000101111110111100011110111111.

1¹. 11, 111. Ι. 111 10111111 1110011110 Hm⁴ 1101 10111111,
0110011 1111011111011111 Hm¹ 111.

{¹⁸2¹- 11. 01100111101100111110111 011111111011110]
110 1110Ι 11111 utana, 1110 001111 *000 1101100 01101 10111001

{ffiblwqxffixn 0111οὛ1 put-m* 111 :mm m pir
mmafflizaffmly, 11011, 1110110 10111 bannum? 111.

111. [00101111 1111 1110 001111 1ο 11111 1111111110 01011111.
J. 1. 1.]1 11010000001111111111 11101, 11111 qma& Ρ101.

, 116. 11011111] 10 110101011101101111101 1111111, 111111

0001111111 01 10001010 11 proposed 10111. form Ηο111 111.

101, 1000101] 110 11011 001, 101, 10000111, on 1111010001 11111
0110111111000011 10011 11 0010100110, 101, 11 1111110101]
01000110 01101101, ’11101010 000 11 10011011 1100110001οι
01111001 101 11 1101001110, 0010, 110 1011 00111111 1100110111,
10011101 1111101011011010001101.’ ·

,1.11. 0001111111 01111101 110] 1110· Bb 111111 11111111·
tm 0111111111...1·10111101111111,· 1111 011 111101011111111,111111 Hm⁸.

myra& {32:st liffi, 1411101 1111] 1111111 11101 m upon 111 10110·

“ulr‘hffiael-O· 111101111111101011110110111111110

1111, 1. 11 1011111 110 0001. 1011011110 1101.

²: 10, Ι 11, 1. 11. 101 00001100] 111 11111 100111 111
0000000010 01 11011 1101111 F. 1010111 1101 0101111 1111010.

mmmm ⁶1 ¹· ¹⁰

¹2⁴· 1110111111 1011111 111111 11111111 1111111111 1111 1101
11111ος 101111 011110011111111001110 110.

no. 11001110011100]·10010011011’11111111111111

¹ *1111 0111110 011. 010 11 produced 01, 01111 immadi-«017 101·

101111 by 0 01011111*

 

