104 . INDEX 1

m 1011111111111111111111

L 1. 11111111111111

1. metm: 1101111 1111111011 1111, 0010111711
1111111 11111111 00111111 1111110010

1 Eupo-itinn (viththnnnbhtivn) it 1111111, :ung
1 1 111111111111111111111111111) 111

nuno 11 1111111, 11 11 1111111, 01, (0)
11111111 11 country 11 1010011101οὰ 11 town, (8)
1101, oppido 111 prefixed in 1111111111]
1111 11 1101111 at 1111111111 1111 0111,111 1111111111
10011, 10716

Ι δ,(111Μ11ἶ1111111011111110110 00 16, 70 11,10011, 1111 1111
1003, 11011,111 11,11111111111110131

(t) 111111 11111111 11111111,1111 rond 0111111111
111111111111111111 1111 11111011 110 31

0. (a) ’111111 when: . .
uuum 11111111111111 1111111111, 1111111011 11111111
0 13, 0 4, 11 10, 100 30· 11111 eodemque tenpore
1031, 1011, 1111110111 1111110110111 0119, 11111111-
11111111111 1111111111’0019, 10011,111111111 1111111111
0019, tuo 11111 0013,0011,1111111111111111 1111111111
00 13, 1111111111 11111 00111111 0111111111 11117711,
quadan 111101 1,111111111111,1014,1101111111111110111
01 10 tritu 111111 100 14111111111111110111110 11,
111111 111 111 ι, 1111 noun sautem 111 1,,
1111111111110131

(t) 111111 111 1111111111 11 11111111

01111 1111111110 14,1101111111 11011111 1111111111 11111111 ,1,

110 13

Ι. 1111111111 11 11111111

11111111. 111 1111110111 11 11111111011111111101ς
111...01111111111111’11’1111111111111111111116

nunu. (1 Ptine, 1111, penalty: 1111 11111
11111111, ’ ,· 11101111111111111 11111011ὲο3ί 11,
mfflmwfflffff 1911411111ἧὶ101φῦ
1101110001111111111111111110013701,

(t) 1111111111 11 01111111111 1111 1111111111, m
0013111111111111111011111111110031

mm 1 111

Β. 1. 011111111111111, 11111111, 1111111

(a) 11111111111111111011111 tn point 1111101111 ’
torn 111 1111111111 1111111111 111101(111,111
111111οὲ 11 regards„ 111111 1110111111
suit 00 31, 10 11, 1111111111 111111101ωο7 31,
1111111111 11111101 079

111111111111111111111111111111111111 1111111101
11 (1111111111111 1111111111 1111140111111111·
tatibus 10 4, 110 1, 1111111111 11011111 auctu
00101,0001010001
1111111111 10 10, 10 11, 00 11111111 1111111111
00 1, 01 16, 00 14, spoliandam 1111111111111
0014, 00 10,1000,111111 111111111111111111 1111·
01111111 101 1, 101 1, 11111111 110111017111111111
100 3²· 11111111101111111111111111100 13,101 3,
00191001911713

(0) menna, 1.1.111111111111111111110 with 1101111111
11, 00, 731, 1111101, 0111,1111,1110,
00 31, 1111 1111111111 11110111 1111111111 11 10,
01 11, 0111, 10014,1011,1111’11111 01111111
suetan 00 1. 0713, 0014, 0019, 00 ¹5· 0111,
01 311111. 17 0, 10 14,0019,111111 11 111·
11111111 prosapiam 00 31, 111 1111101111111 11111
1111111 11111111011111011111111111111 01 10, 00 ιο,
00 13, 00 14,111“111111”11111111111111 1111111111
70 11, nertin 1111111111οῚ 111111· discordiis
11111111 1111111111 00 3, fretu 11111111 1111111·
Romani 0714, 70 17, 11101111 11111111 1111 1111111
continetur 0014,111111 11111 1111, 11111111 110111
mininis 110 19, snum 1111111· ducitur 110 31,
110 3, 1173[111110111111111111111111171 10,

· 111 1111111· 1111111111 concitatione 110111117119,
101 1111111107 15, 10013, 11111 0 6, 014, 11 13,
0010, 117 1, 111111 07 11 111 originally 1111111
11111] When 1111111111111111111111111, 111
with 1111111111 11 1111111 111111 111 1111111111
1111111111 0710,1111,1111,001,0110,0011.

(n) 1111111111 111111, ground, 11111111111011·
111111 1111111 1111111111, ·111,· ’1111113011 1111·
1111111111 11,ι ‘under 1111 influente 1111 tt·
11111111 11 11011111 00 11, 111111111111111111 111111·
0111111100 10, 1111 tutata 11010, 110,
0031, 013, 031, 00111111111111 111110.
11111111111171147011,7031,001,000,
1111 11 mutum 1111110ῑέ111 mmm

 

