888 mm 1

t 881818881,8188888881888888818888888

8. 888888881888 88818 888818 888888888813, 188, 8 8,
80 ι, 8885, 88 88, 88 88, 88 31, 88 8881 88, 88 88,
88 84, 88 83, 88 88, 78 ι, 88 85, 88 ἰ, 8886, 084,
841888,10888,10888,11888,18888, 88 88, 180 38,

88

8. offis? (·bmuu') 18, 8088, 88 84, 88 84, 118 84,

8. 8888888188 (¹ 8181888818 ⁸) 88 88, 88 88
8 restrictiva 108 ¹⁷· 118 88

,E 888888888888

ι 8. 8818881881 8888 88888818) 18 88, 8888, 88 8, ,87 84.
{md 8189485ἐὴ81 ῃ808188 83, 88 ²53 888818 8888888888-

8. dependent 8888 (88888818) 1 7, 8 ¹9· 189, 18 4,
88 88, 80 8, 88 8, 88 8, 81 83, 88 888 88881 maipa
88888888188811, 118 888 8888881888 111 84, 118 3

1¹. 888888 88888888·Ι ‚

‚

8. oblique question 8 9, 10 8, 88 88, 88 88, 81 38, ἷ
8888,884,8088,808,8888,’8888800888 ’ 888
8188888888 quin 81 888 88888 adlata 88 ¹⁵· 81 88, 88 ιο,

888,878 ς888188188181888888818888818804,1118, ⁹
118 88, la 88, 118 88, 188 88, 1814 ³

8. 81811888 88818188 888. 8 8, 88 9, 81 31, ⁴³⁶

8. mmm 888 numum summm 8 88, 188,
88848888888ἵ878888, 8084, 81888888, w .
10884,18884,18 88 0818181188

8888888888, 8888818188 81, 818888188188 88888888 11 88 ' mmm& “fflissffioeffiovx Aelio.
8

88888181188188 88888888818888 ¹7 Ξ 888110 n, m ΜΨ *⁸¹¹2ss 188 8

 

