mm 11
8111111711 1171771 17711711 77

augendum (⁸20 1711111117 1ο·
17111 111111111118715
81111111171011
antsanvia 111117111111177
111118117711.78116 (711717117111117117713
71)(111788511811117177 81111171117111711117187
1111711111777111711111· 15

usual 1171111111 71 7111 (7111111711111111885
1117177 11 (71117117711111118811

1717111171 11 1111171111117711111117796
“⁵⁵¹³ ⁰³ ‘mmm' ²⁴ '⁵ 7877887877 711,
23117172 78815 71171111111111779917711
mm} ffissssffiffl‘ufflmu

811117111171 17

(7111111717778751 1171. 1777 1771171111, insigne 1117111177

181111711177711187111111· 18
1771111 111177 15

1172743137 oppugnare 777 17111771111771111711181117·

’ 18, 1781 1 17711
um 11·
1117111717 18 ..111111111117715
17171177 principesque 787 11 (711111171177 1
adm 1111171111 17 191 171 1711111171 7871
1117717171191 du 1111711711 (771111717111811 ·
6577. ⁶¹⁸·⁰⁰‘⁸¹⁰ 7877717773ξί
1711771111 noctem 1111711111, 1111111111 . ι
171111 171171711771 ‘dinemo 1117111177 11
delibantur 776 1711111111 81 mbo 0111111171
1711111111171111171117717877 ,781 14 ·
(71171111 Ι11111’1179; ‘ina 1711117111 1111. 11111111711
vutd' ‘iu fnet’ 77 161 .¹⁴.³‘. Η ·

' ⁸ 1111171111117171118718
«1111111111ωώ11 11 (77111717118716
1711117111817111777791 17111 1711111111178ὧ91ἰω M .. d·

1111711177 11, 1117171 (7111171111 11 ,,
1171. putu 78 ⁴ prudenter 78 ¹9

fflffiulew '⁹ (77ἷῖ77ἶῖ 417171 11 ³9³ inu.

' 811111111711711111111177718 Ι1171111718791 ,ω’
81511111711111117111771171· (71111111 1111111111 h
1111111 11717111 78 11 171· 7171171177818,11111117711
μωτί1111717775
11111111771778

1717111117711711 88 3032110·

mm ΙΙ 111

717771 1117783111711711.

mhtnurgumunmoen.

771117711’·1111111111·11 11171114

11 ⁸⁸ 87 dolorum 11111
717117 7011111111 11
117171111711111( 11711111 81

11111111 1717117111 78171 erim
1117118811

1171111,1111711177111778 ¹73
7170717711 pauiu 87 18

14, 7711811111771117111771 error und 7111117711 777 11

Eg 1 ξόωᾱοῖῗίἕῖῗὼωῖῶῗ
11 1

domi 1111711171 9
dominatio 77711
(711717711111 177 1 ³3 11117.
77011111,111177111111 777 5
mm& 111. 77811
(11171171171777111788 11
17111111171717718
1111117117111111111111 n
dux 87 17170707 777 37, 77777 ιο
1111111111 77 111 7771117511·
rhwhiuum 770 11

8088 71117 817 18

1171111 7171111111 7777 11

111111111773. 777111

11111117111111 88 11

effingere 1111111771 77 1

1771111--1771111111177 18

119991111631111 1717117188, 771,
1

1711111711 11111177181111717·ῐ

71717771
1117117717771
11177771171177171 111777 181 9
1111111711 77 19
1117118811
1111111111, 7711 mmmm 17,
7711
11 7117 17111 88 16
1117711117711
auxumam, 7171 (7111717111.
11
111171187 13
11117117771117171170818

agnulum 781 11

1.·71711111717177 181 11111
gumini 1111717187 1
11117117711188181117771171·
717711 17 (7111171711 77 1.
7071, 177 ¹³· 777 111777
1 1711717111111171117717·
&ummssmmffi
¹³
1111171177 7771
1771117111 7877 ¹³

, 1111111117117177111177719

11111111711117771711 7 1
1111111787
1111111 1717171171 1117
1711111111, 7111, u play 1181·
17111,11171171777 ⁴
ox='ustet' 110 3, 718 18,
781161 11711171111111 7 71
1111711111117811
excidero 87 11. 7776
1117111111711111788 ·
11177111 ‘tu ruine 1 nuper·
.171117111“ 791 11177111
117777171ι1“7ο 1171117171 7 11
111111771117171177171 777 11
1111117111 fidu 1117177111 78
111 1111117111 11117111 777

,3,

1171111711 177111 18 1
expeditus ul 11111111 mum.
7111118711
11111717. 1111711111 ³
1111711111178 11 .
ῦκῖιέῦεΰίίῐ 17177111 dumus
1 , 1
1111717111 88911, 156
11111111 1117111 787 ¹³
11111117717731
111117171111711771 ιι
mulum ln 7111117111 1171. 88

 

