Q„-

188 8888. 8888881188-88

88181888 8881. 8111888888188888 88888818188.
tu. 8181888188888· 18888888818888188888881811.·

818, 8 »1818188188888881888888888888888188888
1888818818 d 888 888888, 8188 8188888818 888188 8888881881
’,·8181 188.88118,111’1·88188.1,88. 0188888888181
88 atqu 188888888881818888.888188 8888188818118888188
mm* ..1111111111888111 ,1118881
1188888 88 88 8118188188, 8881811178 88818188188
88818. 8, 8818. 8888188818 8118118818888 8888188
88888. numnam] ]·1888 88888 ‘aed 88 881188·

818. 8188881888] 88188 8888118888 8181888, 888 88181.
181 88888888881188.8188881ο8888188181888888888
88811181 8188818 188888 8811181118) 88 88 18888 18888 181,
18188118 101881881188181881 8881118188 1888 888181 8888881
181111881888888, 88811888888188 01888818 88111881818881
8188888. 88888. 888 018. 88 181 818, 881 10 nequem 1118
1811818818 8888 8888188888, 1881818888...188818818818888, 88811·
88818 8888818881 81 818188888 8811888888 18881818188 88888
888881 8818188888 881881 8888 881888, verr. 8118 1188
81818888818881888 881888881818118181888, 818888881188 8881888
8888888188. 818881 81888888, 8888188 8888888188, 888 1881-

8888888818888888.

188118 8888881888888]1·1818888888,11181810118888,
maz 88188818· 18 18. ,88
m amum& ffissffilfgoeuofflsffiffiffi
1888888818888888888( 1.(1888 888811. 818. 88881871. ’188
8888888818 188888 188 01881881888188881 88 881) 8188 8188 81818
1181888888888888881188188888888888888888888888
181188188888888888818880111818818188188. 1188888 8881
188888 888 188818. Observa 888 88888188888 m 8818 1881
888188888 888 8881888888 888818 88888888181188888118888881

umet.

888. 8888888881888888888888, ·1888188888818888
ἥψω 81011 ·1.·1“1..·1..··.1.“11111ἒ1“11·11

881118188188881ὧ811188118888 18 8888888888 8888188

88881888 8881 mh 8811188818, 88. 8888. 8188, 1111, 88181.
818 88888 888188 81888888 88888 88188 888888818 888.

. 881. «88188111118188818888188888811888888888
888. 88881 8888888888 8881888118111 888888 8888818

8881888888888188188888μ11881811888881888 ·

1

*Q-

Nom 188

8181888188 88888818181. 1881118181
ι8,,8α8η1ἷ88881018888881 8888181888 by 1888818888 8188

888, 8188888888-88888. ·11888 8-8818881888.· 888
88817888,1111.7,88.1.1·18881 118,

ι, 8318181 ···1·.1·11“·..·1·.1·.1·18··.1·1·1’·.’8·.11

8888188881 8888· 881888181888888888188188188.

886· Μ·18118688Φ·8 1181818188

1. 87. 8888881818. 1888118881 18. ·888188188188888881818,

8818188888 888188888888 8811818 18881188 8888888 1188888888,
1888888888818818888 &handau-0101. 888.

l. 88 88 11118 188181888881118, ·888 81888 88188881 88818
818818181181111 88888888. 01188. 88888811881188
nuum, ·88881888 8818 81188118 88881881· 8888888188
818181888888188818888188881188888811188818881881881 18881888.
0118881881Ρο81818888881888888881888888188181,88.

,8888 888 180888 81188888188881888888118. 1881888881
181.8“118.8·ἕ’.·,·888..····“1.881
8888818818,111181888888811118,8888818888ω 81888888

88181· 8818818.

1 81. 88118 1818818 memma] 88 8888888 1811811888 88

num 18888811 8118811181 8888888888888818188188, 1818818888
888 1881888881. 888888.

’188

mgtfflnrgm amun, ἱ88118881 8888181 8818888888 188
81888. 01818881108888ι11888818818808ῗ818Ἥ

188188 88118 81 18888 88881888111188818 88881181811881, 1888
881188 881188 8181 1188 18181881 11881 oportere. 18 88188

1811881881888888 118. 8 18188818188188 188888 8818888818818118
1818188 888 88 881188 8811881888 18888888, 1888 88888888
88888881. 01. 8888· ,1188881188.,1.881

omma xxvn

8. 88, 188 l· 1. 8888818888, ·8888188188881 8881· ‘dorni’

1..8 18888· 1888188881· 1888118888·

18.888888188888888,·18881881188818181888118811,·
118·1888·18888 88888188811188888888118118811 81888 88
18818818 8881818888888 88888881888188888818818888188.
8888818888188111.

 

